00000001000000000000000000000000000000000000000000
00000001000000000000000000000001100011100000000000
00000001000000000000000000101010010000100000000000
00000000110000000000000000000011000010100000000000
00000000000000000000000000000101001000000000000000
00000000000000000000000000000000101001000000010000
00100000000000000000000000011000100001000000111000
01110000000011000000000000011011001010000001001100
00000000000111000000000000000100000000001110100110
10000001100101010000000000011000000000001010000100
00010001110101100000000000001110100000000010000110
00000001100011000000000000000000100000000100000100
00111100000000000000000000001000111000000011000110
10001100000000000000000000000110000000100000000110
00000000100000000000001110000000000001010000000110
00000001010000000000000010000000000001010010000010
00000011011001100000001010000000000000000010001001
10000011001001000000000110000000000000000000000101
01000001101100000000000010100000000000000000000000
00000000110000000000000100100000000000000000000000
00100000011101100000000000000000010000000000000001
00000000001110000000000011100000110000000000110011
01100000000000000000000000000000100000000000011011
00010000000000000000000000000000000000000000100001
01100000010000000000000000000001010011100000010101
00000001101000000000000000000001110101010000000001
00000010000000000000000000000000100100011000000100
00000100110000000000000000000000101100100001000011
00000101100000000000110000000000101000011001000010
00010010000000000000110000000001111100000000000010
00010000000000110000001000000011010010000000000000
10000000000011001100011000000011111001000000000101
00000100000110000100001000000000000001000001000000
10000000001100000000000001000001100110000010100001
11100101000100001000001001000001000110000010010000
00000101000000100000011110100001001000000000000000
00000100001001000000110000110000101000000001110000
10001000001110000000100001000000000000011000110001
01110000001100001000011100000000000000011000011000
00000100000000110100011000000000000000000000010011
00000000000110000100001010000000000000000000011100
00001011100010001000000110110000000000000000000100
01110001100010001000000011100000000000000000000010
00010000000001001001100000100001110000000000110010
01010000000000000011000001100000000000000000010000
01100000000000100010000000000000000000000000001010
00000101011000010010000000000000000000000000000100
00000100011000000000000000000000000000000000000000
00000001000000000000000000000000000000000000000110
00000001000000000000000000000000000000000000000110
